NODES
1 250 5
2 200 75
3 150 150
4 250 187
5 150 225
6 150 300 
7 250 337
8 150 375
9 200 450
10 250 520
EDGES
262 52 237 78
212 122 187 153
187 422 212 453
237 497 262 523
262 199 200 175
200 250 253 224
262 349 200 325
200 400 253 374
237 462 350 400 350 175 237 122 
CHILDREN
3 5
5 6
6 8
DOMINANCE
1 1 1 2 3 4 5 6 7 8 9 10
2 1 2 3 4 5 6 7 8 9 10
3 5 3 4 5 6 7 8 9 10
4 4 4
5 5 4 5 6 7 8 9 10
6 5 6 7 8 9 10
7 4 7
8 5 7 8 9 10
9 4 9 10
10 1 10
POSTDOMINANCE
1 1
2 1 2
3 5 1 2 4
4 4
5 5 1 2 3 4
6 5 1 2 3 4 5 7
7 4
8 5 1 2 3 4 5 6 7
9 1 1 2 3 4 5 6 7 8
10 1 1 2 3 4 5 6 7 8 9  